sample.id	EV.1	EV.2	EV.3	EV.4	EV.5	EV.6	EV.7	EV.8	EV.9	EV.10	Sex	Diabetes
1007	-0.319916806198816	-0.0916900921088731	-0.0376623930467698	0.0665258874890049	0.425217736869398	0.25133780504395	0.000650131205739683	0.631686330440653	-0.208538717709918	-0.282762532489708	2	2
1044	0.0534666972967649	-0.0567241932134653	0.00498428923763696	0.0366696604638274	0.00465136406250614	0.0271349362530125	-0.038766318768878	0.0471649061772904	-0.0592540898228964	0.0466643963625797	1	2
1077	0.0518167176580673	-0.0652911323972533	-0.0229226103455136	0.043132914062931	0.025997566972541	-0.0106814687707276	0.019414732804968	0.00603913809676545	-0.0775052048482112	-0.0436133897221755	1	2
1082	-0.00404881445496324	0.0986835892095759	0.0303264741972184	0.0468916935207656	-0.0279865696785284	0.0513474676465563	0.00284134277436486	-0.0367439428618454	-0.10288241608629	0.102735418756749	2	2
1118	-0.0228721694858195	0.221913752223403	-0.0186013128402427	-0.0165160762508495	0.00672222106141398	-0.0177537371390205	-0.0384768943358414	-0.00392927493182553	0.00106400978422219	-0.0268001486956638	1	1
1130	0.00169412022643096	0.142746227013803	-0.019543225852497	-0.0270776056869326	0.0584910145057815	-0.105205167793927	-0.00697844432927757	0.0364940545826211	0.00867454642215751	0.00871189823137971	2	2
1151	0.00265496202386564	0.0808206314871928	0.0337218670065662	-0.0328807177604286	-0.0527593504754187	-0.0776371593216999	-0.0111069032356224	0.060489306943098	0.0750402989144218	-0.00303751758596424	1	2
1231	-0.0231319250372881	0.0985281108553135	0.0165147524582082	0.0200868818550579	-0.0123076518813769	0.0102195016175186	-0.210823122737843	0.00895539273480442	-0.0395780383758219	-0.0925394649308152	1	2
1281	0.0491029181124428	-0.056724568909947	0.0096445720605097	0.00876491324095012	-0.0310967458108104	0.0222132704518231	-0.0294511120097479	0.0100408595655301	0.030762297290589	0.0352313912782715	2	1
1286	0.0525165615361231	-0.0669477516856806	0.00892219573011264	0.035276910919425	0.0247258349981924	0.0440748610808659	0.0184256671808554	-0.0549313414826231	-0.0314875598764254	0.00263408432928184	2	1
1294	0.0532661154726294	-0.061140934659789	0.00172182852646718	-0.00555825334742128	-0.0215463713541903	-0.0154350214663813	-0.0162035102628736	-0.0730511859177778	0.019033438887308	0.00392059500114794	1	2
1299	0.05592597981066	-0.0647863488054271	-0.0113872704694866	-0.0303615166285558	0.0748864155593261	0.0289662315985935	0.0405610920987942	0.035194967344139	-0.0471055051053868	-0.000959633432001692	1	2
1318	-0.00295773483851433	0.129513793462248	-0.00190669427312039	0.0256332783820875	-0.010316549975735	0.0121730295153383	-0.122316802782147	-0.00923046715776193	0.0515727014866079	0.022071119078326	1	2
1320	0.0553171794511551	-0.0650746573768466	-0.0158088739499805	0.0324612727813718	0.0519571220147758	0.0477358954734362	-0.0020312941482453	0.022628807907757	0.0751111607441277	0.0228280359624977	2	1
1326	-0.299097926401357	-0.0925303658942735	-0.0393481630695422	0.118841089438075	-0.67693319336824	-0.063397975643937	-0.106467847955177	0.0780069294964723	-0.0163177291921044	-0.484433035786109	1	1
1327	-0.0305406705091199	0.215775990533599	-0.0493822521233154	0.00733733646620401	0.0965068866257838	-0.0223993196274578	0.0171293948835065	0.0524243391993154	0.00761490028080069	0.00419113232113505	1	2
1331	0.0583462493036718	-0.0622834897474571	-0.000366730607654384	-0.0336939381209024	-0.00772174071481907	0.0752878144200262	0.00447952357346734	0.0370640518816658	0.0345455493372728	-0.0567317862325584	2	1
1341	0.00864719486208634	0.08364680974978	0.0302243346057178	-0.00614012242441706	-0.00493355901156074	0.0217744539332836	0.0296443249739434	0.0451119471067513	0.0654352015902431	0.0198957240061098	1	2
1343	-0.0212501237080488	0.209223205039138	0.0123083165218884	-0.0425978225597813	-0.0398515837051232	-0.00114553691406678	0.033731441891338	-0.0183496429124423	0.0648715819631814	-0.0137724567013266	2	2
1346	0.0561997256784051	-0.0598938505737526	0.0582657120920454	-0.00488828879684797	0.0251768805802228	-0.0204141998565015	-0.0131109656493501	-0.0241048410002025	-0.0221917294736441	-0.0358700977143587	2	1
1356	0.05219221854604	-0.0504305534590585	-0.00121292800143896	0.0067395413009304	0.00386779557282356	0.0163279509631405	-0.0292854449324444	-0.00235850543348226	0.0241080352061851	-0.0671517156534928	1	1
1363	-0.00366779259888196	0.13247644299954	-0.0146109802518859	-0.054262408282075	-0.0296197751458565	0.00908659347467833	-0.0171514314599643	-0.0169064976587561	0.0307718742205913	-0.0191261105030733	1	2
1372	0.058458508747928	-0.0522008373331958	0.00958714421093668	-0.00963819382458131	-0.0140803733723319	0.0249935183966692	-0.0157500869716343	-0.0127640661777243	-0.0338632539376955	0.0155108253745406	1	2
1374	0.0583860469021433	-0.0639063625373047	-0.0134350664477257	0.0305235445808895	0.0343459340328185	-0.0143060354126447	0.0382563142080276	-0.0154501732502508	-0.0296178947071889	-0.0367171427171136	1	1
1379	-0.0352868936040571	0.178108566210549	0.0311365365015567	-0.000712177446108386	-0.0245195152986358	0.0144659434018449	0.00608143696704637	-0.00112147421301123	0.0178016954554097	0.0335056239831714	1	2
1389	-0.00596976316814643	0.1474797652287	-0.0307423987964623	0.00749758787051188	0.00388318039425299	0.055367034475608	0.0267606182170473	0.0418365085433833	-0.0177043526346016	-0.00320570131777703	2	1
1395	0.0530100511908824	-0.0636653595869785	-0.0349170766846534	-0.000834314691732643	0.00439604902018596	-0.0502323350793902	0.0840239939910238	-0.0325246381662844	0.0258493524672961	0.0704656974209304	2	2
1404	0.0579412919231253	-0.0620437092057304	-0.0406837444000896	-0.0302377459992139	0.043338228687026	-0.0108009515165509	-0.0176819023581491	-0.000614366685504701	0.0100865931825134	-0.0157332403573432	2	1
1408	0.0536765654793131	-0.0555334465230944	0.0193336227989404	-0.00775068846047876	0.0307170982230921	-0.0520426516493059	-0.0292838461532088	-0.0249115843215188	0.101283897667346	-0.0130089768409469	2	1
1423	0.0550691773589886	-0.0528325337906623	-0.0422794158598042	0.0115694803365934	-0.0201474772346979	0.014459165325434	-0.0112693349373418	-0.0487559703980664	-0.0588103684509301	-0.00705694556882449	2	1
1428	0.0557811751275755	-0.0597796194236795	0.0126420749159635	-0.00493928437938115	-0.0433467805062361	0.024919345314122	0.0122853828046467	0.0282995250216632	-0.00639728263153997	-0.00946323826545871	1	2
1429	0.0553252667040399	-0.054634842682937	0.00093978641701834	0.0104105738698125	-0.019336263172995	-0.0719568296156906	-0.0691140950535367	0.00492870729536318	-0.0734283083932433	0.00615295711566906	2	1
1432	0.0508449362344787	-0.0600775214312627	0.00898706131875718	0.0243861263569398	0.0310700597582447	0.0160445060673123	-0.00258355173999009	0.0304002942699475	0.058623663335417	-0.0702026615551241	1	1
1434	0.0463489599622734	-0.0625847885677997	0.0517576599272869	-0.0317228575358918	0.0557183001068103	0.0308375876763317	-0.0308792901806841	0.0341125913282955	-0.0400824528665715	0.0547691615518694	2	1
1448	-0.00299710326614902	0.112197935597926	0.0852525215628318	-0.0339204208525083	-0.0411154094315615	0.0797099924692867	0.0403602862551254	-0.0559761420680706	0.0480148127841005	0.110807801347062	2	2
1450	0.0547138424239191	-0.0613539762165966	-0.00700814979027877	0.0182213807917462	-0.0044791090657591	-0.0178528909682498	0.0389850008555351	0.058503116755819	0.00966610786919309	-0.00854327472096466	1	2
1453	0.0606122941233995	-0.0571932776274771	0.0146381120809654	-0.0620302999783034	0.0105453110942623	-0.00871459849269465	0.00584492708782222	0.0189468052167809	-0.0603733024980568	0.0666875567327677	1	1
1457	0.0503667215422015	-0.0515841590705232	0.00582071091732378	0.0181492194741596	-0.0598704186978355	0.0161609020928312	-0.0276483306020497	0.00152760636037498	-0.0391651848807031	-0.0335132660878368	1	1
1461	-0.00767811035174397	0.143057504219224	0.092786661303874	0.0186255950456008	-0.0071790484848241	-0.0398824736315978	0.0321281258428432	0.00314617272356699	0.025929204025563	-0.0364180348944622	2	1
1468	0.059665236708856	-0.0608757893453707	0.0175381077299219	0.0151224556177478	0.0115284344036121	0.00507884139222608	0.00299636827312518	0.0453231242299465	0.0519117745530199	0.0570271856824428	2	1
1479	0.0580667112794624	-0.0623367054887157	0.0257449838604362	-0.0121471884984708	-0.0371917005152348	-0.0150969614949137	-0.0114421389341711	0.0517467295679639	-0.0217353612323859	-0.0111181868393178	2	1
1505	0.0543309207460502	-0.0543265447088338	-0.00882626212580876	-0.0512113455472243	0.0136736881887039	0.0114566628725744	0.0541832342347145	0.0116483475953652	0.0184464575997969	0.0337511406295951	1	2
1531	-0.0225824492199308	0.220970082296985	-0.0115998899282714	0.0412625865558858	-0.0297156656301174	-0.0361848453007229	-0.00764143561563906	0.0297847455182259	0.108314308709671	-0.0134027528127605	1	2
1550	-0.0190827436047777	0.226896673889031	-0.0131272678257566	-0.000106537274867967	0.0257900856853172	0.00206063864333876	-0.0348714712911375	0.0187694082336505	-0.0593433585636626	0.0135292619001159	1	2
1555	0.0543285934241922	-0.0554763755884959	0.012504151275966	-0.0160081805225559	0.0344796099089649	-0.0793531857408057	-0.0136612902481711	0.0307118521201411	0.0663555266316552	0.0334907380349906	2	2
1559	0.0513608959781695	-0.0675709773386641	-0.0289482587589947	0.047127023943663	-0.000500216879224461	0.00167002117111345	-0.0093530030733545	-0.00468920396277767	-0.0677388679443925	0.0528595358517586	1	1
1560	-0.00216898126807552	0.101171349270803	0.0197976177923471	-0.0567816180601248	-0.0619830688357475	-0.0148812445838134	0.0296110156377674	-0.0950527005084686	0.0392259027621287	-0.161932526119922	1	2
1565	0.0527555620527115	-0.0537774852413247	0.0189963279408345	-0.063118445452366	-0.0441710769592348	-0.074375715080353	0.00914528936865899	-0.0140282531121381	0.00740717498698638	-0.00519694693893127	2	1
1567	-0.314794870181219	-0.0915247231327779	0.239671768108552	-0.319542227135882	-0.0811014314688023	-0.142101063374475	0.0922597800244373	-0.179494014633749	-0.707395161195743	0.200121428070814	1	2
1578	0.0563812869151993	-0.0612756328542786	0.0139081277669453	0.0576972960933377	-0.0413819737935626	-0.0498916355641301	-0.0221829901743388	-0.0182237622684914	0.0151092651890666	0.0159645091655852	2	1
1583	-0.303421971889971	-0.0940490381270842	-0.339837984035584	-0.421446505560315	-0.235265947910938	-0.0788449296830673	-0.130539610015586	0.343732164989238	0.265435809310949	0.458438753632397	1	2
1587	0.0533928074747297	-0.0595047614430456	-0.0361124349619535	-0.00134906621891435	-0.0237583925238851	0.0357490590698687	0.0140412670541174	0.0657985978216418	-0.0639571928466917	0.0111061165930919	1	1
1588	0.0586541536721033	-0.0722597512843467	-0.0476234029560347	0.0371964377504734	0.00746061698676053	-0.0412074060611105	-0.0200949574329161	-0.0792184346925203	0.0140977070047534	-0.0239223424974596	1	2
1590	0.0597267055787327	-0.0567215797591775	-0.0135585806941431	0.0224544639189793	-0.0288787990964539	-0.0141855501050516	0.0442294731129285	-0.0221390972821743	0.047403872818796	-0.0837916921819453	1	1
1592	-0.00855360355685282	0.130068719401338	-0.0292168872649749	0.0309890924240284	-0.13259053261098	-0.038663427468556	0.0701163512723981	-0.0413632231443432	-0.0999198173392374	-0.0757155205104689	2	2
1620	0.0560502523466142	-0.0570666322017351	0.00406588770554599	-0.0180951169652947	0.0364893983459203	-0.0181272514142838	-0.0448909202764931	0.0143510412398651	0.00417477974187506	0.0317689626857058	2	1
1621	0.0521943907901755	-0.0597408297107167	0.00822438782551846	0.000790298230103028	-0.0477892840610138	-0.0119159960783165	0.0447960112077933	0.0304759650191621	0.0314896772522778	-0.0462227849914084	2	1
1633	0.0514820913094178	-0.0642741508345668	0.0718913822093077	0.0547587616999213	0.0328427189704557	0.0236865562595862	-0.009594577028241	-0.0501384155948765	-0.0296468930902914	0.0459217402765444	1	2
1651	0.052081133530466	-0.0555711038098702	-0.0135933864731959	-0.0468173868668521	-0.0259802282104567	0.00341451301185557	-0.0223763239916081	0.0168394552926741	0.00105751545593742	-0.00895118880153052	1	2
1654	-0.320240161154072	-0.0959557088419732	-0.0513938444692243	-0.126468063491956	0.2030182594826	-0.322409474624328	0.672205634419827	-0.13924898001003	0.271939725202455	-0.19941975228103	1	2
1660	0.0520343271818318	-0.0633953814747109	-0.0326092533053386	-0.00769340601198165	-0.00787964369738857	0.016880969388432	0.0219484998256716	0.034821988379262	0.0102203248010294	-0.0458235796849329	1	2
1665	0.0563979547759929	-0.0645668148667747	0.0123843133574141	-0.0140519354334929	-0.00637890390948778	-0.0153467925268756	-0.0685358627926981	0.00608249335760542	-0.00953981849990558	0.0075807822334506	2	1
1677	-0.0103358534030859	0.158432012435475	-0.0293068724510313	-0.00959988465341885	0.0300684735742026	-0.0140314037766552	0.0593584614618818	-0.0961335198094109	0.0405820698140942	0.025073952253078	1	2
1687	0.0540186843041893	-0.0608111522709244	0.0222162629226628	0.0266668566837137	0.0157873692589739	0.0220616161936893	0.0684897260412127	-0.0502139588238882	-0.0381808945699732	-0.10225417624277	1	1
1712	0.0504137141499358	-0.0651352480906903	0.00389960957374267	-0.0178025084310171	0.00734380436322892	-0.0463719370078116	-0.0178386484907786	-0.0683239371561893	0.102661936699505	0.112574580725166	2	2
1727	0.00918474686546004	0.137243901844743	0.0337983868616966	0.0434965191430526	0.0212107877917975	-0.0167453318999003	0.014935030711606	0.00279730542956315	0.00843521760608172	0.0210229376137694	1	2
1732	0.0492312963150916	-0.0570422558404551	-0.0190561236473238	-0.0232951296462163	0.0313007202647523	-0.0558887807037309	0.0563647832515078	-0.0262551877526133	-0.0538224504375912	-0.0676835455577278	2	2
1734	0.0580347387650377	-0.0662297113775597	0.0468880579247607	0.0159423451488327	-0.00412458204176465	0.0191315351031553	0.00467318451769416	-0.0317331410749202	0.0148323946950254	-0.0272359589698645	1	1
1737	-0.314846247834543	-0.0857507773878422	-0.404731864582171	0.669732549739778	0.106986754592532	-0.249010406473811	-0.106114840197479	-0.180719411240583	-0.117427378052678	0.251630125956415	1	2
1742	-0.0300959173088569	0.200157992144627	-0.0067353654577222	0.0379277822670154	0.0342099740021815	-0.000588668918273644	-0.00572721216310061	0.038849129057984	-0.0580692960270745	-0.040549510365104	1	2
1751	-0.280248680414905	-0.0868768853001873	-0.119225484144225	0.00424601426435466	-0.0782145407854741	0.782588493790217	0.145713058738184	-0.355259649303958	0.099885227591433	0.0663518303498787	1	2
1754	0.0566926478439769	-0.0575334902224637	0.0602498960936688	-0.0112390042186813	0.0513665661481434	0.0486763773078361	-0.0118746140559333	-0.0568610021403873	-0.0508881574340026	0.0151861980611304	1	1
1783	-0.0107235928519281	0.189479139706618	0.00827397260765618	-0.0269836435527748	0.0258205534221314	0.0927516418873547	0.0532028428249508	-0.0462414207119429	-0.029988791748246	0.0270665057000722	1	2
1792	0.0590512967203302	-0.0618052552743461	-0.0291021696777432	0.0431506657987035	0.00613419179494559	0.0248744003836342	-0.0292544930303585	0.0103825639701745	0.0109713686215192	-0.0106304108415573	1	2
1798	0.0535163996436214	-0.0632898221446973	-0.0165650389082202	-0.0359215253648018	-0.00061212233570031	-0.0280129198675925	0.0502735828860429	0.00444444940819919	-0.0375312328432916	-0.0207275923120826	2	1
1800	0.0488798800134129	-0.0571760811407875	-0.0455021118538167	-0.0230190984587553	0.00804184304815344	-0.00664233746417953	0.0142169322882705	0.0422385680631999	0.00514620739403859	0.0603251455869361	1	1
1828	0.0564984964203877	-0.0615248706537393	-0.012686406836991	-0.010987277928695	0.0163022742419696	0.0564078727110133	0.00222767991191603	-0.00348730287625102	0.0073785707695761	-0.0512824952947154	2	2
1906	-0.0241731979726334	0.184081649277005	-0.0652706155106466	-0.00805429071833644	0.0347299677489681	0.035564981788283	0.00180475231740569	0.0304333092830677	-0.0366486160985074	0.0897127730349175	1	2
1908	-0.0190744453470171	0.245602921024337	0.0149454478061887	0.0244686609347064	0.0210469167767519	-0.0155968944124266	-0.0202509064100213	-0.0203192748817775	-0.034335424115181	-0.0232465422471303	2	2
1914	0.0529674269818582	-0.059016887462247	0.00667853597734687	0.00982810743734559	0.0180947608159454	0.0476579849239629	0.0078077146336441	-0.00239981662323058	-0.0198813803453916	0.113683871942263	2	1
1959	0.0577843230375427	-0.0628658430375187	-0.0199056624254366	0.0197586299803809	0.00489659357537964	0.0359510628924776	0.0118825568550767	0.0522819955102881	0.00208951827594374	0.0670314349232286	1	1
1960	0.0481930551851907	-0.0533102567067263	-0.00987327566635144	-0.0241938393349538	-0.00871602535338938	-0.0656859286736877	-0.0585404205915106	0.0256980560323978	-0.0157640111665831	-0.0298595619044734	2	2
1968	-0.272087553602425	-0.0786106314668916	0.746189919169967	0.303611543645703	-0.0617288573424925	-0.0112877872055836	-0.00839916528722342	0.143724771535167	0.278128652794162	0.256418862298885	2	2
2063	0.0586927940536328	-0.0628891350269465	-0.0149488179700333	-0.0271682426085756	0.0286145420215677	0.0137608657082116	0.0453082918120149	-0.0158222259591119	0.0113176664930524	0.0318524105010365	2	2
2076	0.0501153999027157	-0.0547810700249699	0.0236836734871653	0.0283454353043521	-0.0270844831072882	-0.0102585570097994	-0.0158299472497977	0.0130676582210988	-0.0110067668146842	-0.0537275350068896	1	2
2078	-0.0150272421458646	0.198310145520091	-0.0435790476545687	-0.00589026715149842	-0.0216418003207254	0.0134232862953544	0.0472851276388431	0.0159765102015131	-0.0262233590913599	0.0339813588609869	1	1
2099	0.0534293104530626	-0.0547030560243059	-0.0248495429970559	-0.00394940984467604	-0.0794709344333161	-0.0215448342207257	-0.0327144817514593	-0.00522095673906875	0.010142401937686	-0.0830653855604784	2	1
2106	-0.298038533274771	-0.0904499940162357	0.0732991293677187	-0.273605348071819	0.364378460958406	-0.104354119792604	-0.578709802649362	-0.368374125117346	0.195873191171102	-0.232899591953493	1	2
2107	-0.0224498478704281	0.174964781483937	-0.0150357781918506	-0.0301626199448063	0.0355118073818768	0.00671920848303793	-0.00281817139603643	0.0191422769166906	-0.0448107650541565	-0.0273804340287494	2	2
2132	0.0572934221090618	-0.0622569674906889	-0.0845929152056487	0.0299478493174767	-0.0108929396919923	0.0360404854500433	0.0250115401530359	-0.000627761475003935	0.0661644310371775	0.0302001902647056	1	1
2266	0.0527795922964297	-0.0583139422832206	-0.035132348966608	-0.0297944181507021	0.00685646400750844	-0.0317811419914993	0.0139458866606001	0.0111880255462576	0.00609878616691666	0.0162446340353956	2	2
